274,1
274,3
295,1
295,3
283,1
283,3
292,1
292,3
278,1
278,3
277,1
277,3
279,1
279,3
280,1
280,3
282,1
282,3
284,1
284,3
286,1
286,3
297,35
3,1
3,3
10,220
10,82
10,154
10,168
10,184
10,68
10,120
10,160
11,8
11,12
9,4
9,6
8,15
8,11
8,16
8,5
8,14
20,3
20,2
20,1
19,3
19,2
19,1
12,3
12,2
12,1
11,29
11,28
11,27
11,26
11,25
11,24
11,23
11,22
11,21
11,20
11,19
11,18
11,15
11,14
11,11
11,10
11,9
11,7
11,6
11,5
11,4
11,3
11,2
11,1
10,313
10,312
10,311
10,310
10,309
10,308
10,307
10,306
10,305
10,304
10,303
18,1
10,302
18,3
10,301
10,235
10,233
10,211
10,199
10,195
10,193
10,153
10,147
10,135
10,109
10,107
10,33
10,7
10,3
10,2
10,1
9,7
9,5
9,3
9,2
9,1
8,18
8,17
8,13
8,12
8,1
8,10
